86, 96, 46, 39, 44, 88, 36, 109, 126, 123, 96, 111, 100, 55, 125, 114
43, 39, 121, 76, 83, 47, 96, 37, 102, 40, 103, 37, 53, 77, 113, 59
40, 112, 54, 71, 120, 33, 49, 49, 110, 59, 65, 47, 117, 48, 60, 77
69, 104, 57, 60, 90, 120, 73, 64, 44, 109, 36, 47, 93, 64, 73, 102
44, 97, 65, 80, 88, 110, 121, 95, 45, 76, 48, 61, 80, 56, 55, 88
92, 69, 69, 121, 122, 121, 80, 65, 66, 105, 73, 122, 33, 62, 47, 66
107, 38, 98, 41, 38, 70, 34, 62, 65, 83, 74, 101, 79, 119, 66, 87
45, 77, 69, 122, 100, 63, 74, 104, 47, 71, 75, 47, 56, 101, 72, 73
45, 81, 118, 82, 49, 89, 61, 43, 103, 81, 102, 39, 68, 58, 98, 48
125, 114, 102, 38, 75, 80, 101, 55, 101, 113, 54, 72, 56, 50, 88, 95
84, 106, 123, 100, 104, 52, 76, 89, 83, 47, 34, 110, 113, 70, 72, 73
85, 75, 60, 117, 39, 124, 41, 54, 77, 99, 38, 95, 46, 59, 95, 98
63, 113, 112, 68, 59, 45, 50, 35, 103, 119, 66, 61, 103, 88, 33, 102
83, 102, 72, 58, 120, 81, 47, 96, 121, 117, 53, 91, 122, 70, 55, 94
67, 49, 90, 114, 45, 117, 83, 35, 87, 41, 33, 85, 84, 49, 78, 57
63, 58, 60, 74, 74, 121, 91, 107, 115, 102, 67, 80, 107, 54, 57, 52
41, 60, 36, 75, 119, 56, 73, 74, 92, 95, 98, 101, 78, 67, 109, 104
98, 87, 53, 65, 120, 100, 120, 112, 110, 73, 90, 88, 126, 36, 88, 61
43, 66, 90, 113, 115, 33, 92, 122, 33, 72, 56, 53, 37, 56, 47, 119
56, 42, 90, 86, 111, 116, 76, 46, 48, 118, 121, 86, 120, 80, 60, 118
53, 44, 45, 65, 57, 102, 68, 45, 79, 111, 66, 79, 76, 99, 104, 99
102, 107, 54, 115, 68, 60, 82, 120, 97, 95, 96, 39, 99, 47, 52, 55
109, 44, 102, 35, 46, 65, 41, 51, 115, 55, 118, 110, 116, 85, 34, 39
36, 117, 77, 68, 105, 62, 117, 122, 110, 121, 46, 117, 73, 84, 41, 73
96, 120, 106, 40, 67, 65, 51, 46, 55, 121, 104, 67, 46, 59, 40, 61
48, 90, 114, 34, 124, 60, 53, 83, 46, 45, 125, 88, 121, 35, 103, 50
67, 125, 96, 34, 34, 92, 117, 73, 97, 48, 124, 108, 88, 60, 53, 92
49, 60, 57, 95, 35, 46, 44, 70, 122, 70, 67, 56, 65, 104, 119, 103
125, 125, 116, 42, 124, 96, 55, 84, 123, 95, 94, 35, 81, 110, 57, 82
122, 42, 93, 52, 50, 110, 76, 59, 82, 62, 107, 106, 98, 73, 70, 126
40, 65, 52, 82, 70, 90, 71, 39, 89, 91, 77, 107, 121, 97, 55, 52
126, 33, 35, 46, 87, 79, 85, 113, 109, 78, 53, 62, 123, 36, 41, 62
104, 122, 52, 47, 102, 41, 110, 121, 34, 77, 56, 120, 84, 113, 122, 47
117, 89, 85, 100, 112, 76, 43, 90, 37, 76, 81, 38, 108, 103, 125, 44
47, 58, 115, 89, 122, 59, 79, 51, 62, 70, 93, 50, 54, 45, 120, 77
81, 108, 73, 87, 114, 83, 109, 101, 36, 84, 60, 40, 38, 115, 94, 36
115, 126, 50, 92, 66, 90, 74, 53, 58, 77, 94, 35, 54, 33, 75, 35
41, 92, 71, 102, 122, 76, 120, 116, 119, 73, 64, 116, 65, 54, 117, 91
81, 104, 85, 92, 94, 45, 58, 99, 79, 108, 85, 35, 71, 112, 108, 49
108, 121, 75, 110, 126, 92, 39, 101, 111, 41, 73, 113, 110, 85, 109, 124
124, 101, 41, 69, 110, 84, 56, 109, 36, 44, 91, 50, 66, 113, 39, 55
95, 43, 81, 63, 99, 58, 63, 83, 72, 117, 97, 52, 76, 84, 42, 110
119, 118, 81, 64, 76, 51, 118, 112, 55, 119, 35, 98, 64, 52, 106, 46
41, 42, 40, 76, 114, 93, 65, 94, 106, 61, 42, 114, 85, 105, 77, 46
96, 80, 39, 124, 64, 123, 46, 90, 44, 49, 92, 114, 75, 41, 66, 99
37, 121, 117, 92, 64, 109, 56, 103, 52, 59, 67, 75, 99, 93, 44, 112
125, 62, 126, 120, 78, 113, 122, 104, 56, 105, 87, 47, 75, 88, 84, 57
35, 37, 103, 89, 45, 90, 86, 77, 56, 102, 94, 106, 86, 98, 120, 112
55, 60, 49, 108, 123, 103, 88, 98, 58, 75, 47, 95, 106, 83, 125, 106
111, 118, 77, 57, 106, 33, 45, 95, 57, 102, 126, 48, 117, 88, 55, 81
114, 118, 64, 39, 89, 39, 107, 41, 62, 109, 67, 89, 65, 86, 118, 82
77, 43, 80, 122, 46, 100, 47, 125, 40, 120, 121, 41, 78, 116, 67, 74
92, 110, 82, 125, 93, 121, 45, 73, 69, 62, 45, 110, 112, 67, 89, 102
62, 119, 91, 106, 105, 45, 54, 116, 116, 63, 74, 80, 112, 114, 68, 68
38, 99, 69, 49, 69, 124, 93, 88, 101, 43, 68, 112, 70, 70, 59, 66
33, 109, 36, 83, 97, 98, 56, 75, 35, 100, 52, 74, 36, 94, 114, 33
58, 46, 54, 48, 104, 63, 35, 122, 33, 68, 93, 61, 126, 70, 34, 86
122, 39, 42, 119, 107, 82, 63, 85, 68, 88, 125, 38, 123, 46, 106, 120
43, 99, 59, 75, 107, 74, 38, 54, 49, 77, 110, 55, 123, 62, 105, 89
57, 54, 83, 81, 38, 36, 34, 100, 100, 102, 61, 62, 62, 93, 45, 41
59, 34, 88, 43, 69, 68, 68, 52, 44, 36, 97, 120, 49, 34, 67, 124
101, 98, 64, 80, 69, 75, 47, 45, 45, 45, 93, 50, 103, 81, 120, 79
111, 68, 104, 69, 79, 62, 85, 113, 81, 77, 106, 120, 74, 94, 47, 34
122, 79, 37, 108, 86, 57, 82, 59, 98, 39, 104, 113, 98, 52, 77, 125
116, 119, 123, 126, 61, 36, 116, 50, 57, 105, 35, 36, 91, 52, 81, 83
112, 83, 124, 126, 41, 98, 83, 103, 122, 55, 92, 83, 47, 41, 47, 88
91, 124, 81, 85, 38, 47, 84, 101, 60, 78, 104, 59, 40, 60, 67, 103
79, 115, 54, 76, 44, 83, 121, 115, 34, 86, 60, 63, 119, 50, 100, 82
47, 108, 110, 76, 122, 45, 90, 34, 115, 37, 77, 103, 35, 104, 45, 82
102, 83, 82, 49, 65, 58, 119, 112, 57, 51, 68, 102, 95, 108, 94, 119
106, 107, 117, 36, 68, 69, 76, 124, 56, 58, 94, 85, 39, 70, 73, 99
76, 105, 66, 51, 72, 68, 34, 98, 124, 115, 75, 111, 39, 121, 38, 112
55, 57, 107, 118, 54, 40, 37, 77, 108, 34, 51, 61, 120, 33, 66, 78
74, 77, 40, 83, 102, 111, 118, 70, 33, 75, 50, 105, 45, 36, 61, 43
91, 119, 41, 63, 74, 41, 38, 73, 85, 77, 96, 44, 56, 46, 103, 95
63, 65, 56, 57, 50, 86, 47, 114, 117, 83, 65, 77, 35, 79, 60, 75
44, 124, 75, 52, 84, 92, 58, 111, 118, 75, 122, 54, 62, 123, 39, 84
126, 40, 103, 110, 98, 39, 55, 95, 104, 47, 35, 63, 62, 88, 57, 86
118, 99, 42, 116, 83, 123, 123, 95, 105, 111, 90, 53, 107, 58, 67, 92
101, 72, 102, 46, 62, 88, 105, 118, 108, 110, 75, 115, 125, 61, 97, 98
72, 81, 81, 47, 76, 85, 68, 54, 35, 83, 93, 86, 114, 44, 62, 113
43, 53, 89, 69, 119, 42, 91, 49, 124, 37, 90, 66, 40, 115, 47, 49
63, 40, 86, 125, 49, 121, 112, 90, 57, 73, 90, 113, 122, 86, 119, 115
126, 74, 94, 84, 48, 112, 101, 78, 65, 106, 58, 65, 55, 65, 61, 110
34, 96, 70, 63, 36, 80, 48, 73, 38, 102, 65, 57, 95, 72, 96, 68
53, 88, 67, 85, 112, 59, 51, 83, 57, 84, 122, 50, 64, 126, 37, 67
49, 64, 89, 69, 33, 108, 75, 90, 107, 122, 72, 67, 54, 49, 94, 78
58, 117, 112, 45, 65, 101, 34, 42, 76, 112, 54, 115, 101, 95, 54, 101
107, 38, 59, 41, 50, 59, 64, 80, 61, 38, 115, 122, 98, 49, 118, 56
78, 91, 91, 91, 61, 87, 109, 87, 125, 77, 91, 52, 35, 91, 37, 99
107, 58, 115, 47, 118, 62, 78, 71, 47, 58, 79, 69, 120, 88, 126, 97
68, 39, 40, 94, 34, 68, 65, 77, 122, 51, 88, 59, 99, 64, 126, 111
86, 54, 71, 113, 97, 94, 99, 45, 101, 123, 90, 116, 93, 111, 85, 117
93, 109, 97, 54, 52, 81, 47, 94, 71, 97, 69, 59, 72, 87, 110, 80
73, 33, 38, 124, 74, 76, 106, 47, 66, 61, 85, 66, 39, 44, 48, 111
76, 42, 87, 80, 39, 103, 58, 66, 50, 125, 50, 124, 122, 65, 59, 110
47, 88, 78, 56, 121, 87, 79, 50, 78, 84, 37, 78, 41, 83, 67, 81
54, 88, 33, 85, 38, 56, 97, 60, 56, 88, 51, 126, 69, 58, 92, 112
109, 75, 100, 50, 69, 117, 96, 119, 56, 100, 101, 54, 52, 85, 69, 125
108, 66, 121, 52, 37, 110, 52, 102, 85, 104, 118, 77, 117, 47, 93, 76
82, 121, 113, 52, 76, 42, 95, 72, 51, 121, 50, 40, 96, 47, 76, 37
45, 72, 68, 87, 126, 107, 52, 97, 49, 102, 53, 116, 85, 92, 118, 39
89, 44, 50, 92, 112, 89, 45, 37, 82, 95, 57, 122, 73, 115, 112, 58
95, 112, 78, 114, 109, 36, 95, 116, 56, 122, 98, 56, 68, 96, 75, 43
67, 108, 96, 64, 39, 102, 63, 83, 94, 118, 40, 74, 79, 95, 51, 76
107, 42, 93, 67, 109, 123, 104, 58, 67, 101, 42, 110, 95, 40, 51, 125
45, 112, 57, 97, 66, 125, 93, 99, 72, 33, 56, 42, 60, 47, 42, 112
65, 92, 63, 113, 60, 44, 125, 111, 62, 115, 109, 110, 94, 43, 110, 67
113, 79, 66, 66, 106, 53, 83, 62, 97, 55, 93, 39, 83, 60, 102, 104
51, 101, 69, 114, 35, 66, 109, 53, 116, 96, 83, 39, 114, 99, 120, 45
47, 110, 116, 88, 53, 64, 79, 69, 34, 62, 103, 75, 103, 91, 120, 82
122, 52, 93, 99, 110, 65, 114, 34, 37, 35, 82, 88, 79, 70, 104, 112
91, 108, 54, 118, 68, 112, 95, 65, 64, 92, 122, 116, 63, 70, 118, 116
57, 44, 98, 109, 40, 119, 115, 121, 104, 76, 92, 59, 110, 112, 94, 78
60, 80, 77, 104, 80, 118, 85, 81, 34, 44, 59, 125, 103, 112, 98, 76
103, 105, 90, 86, 56, 72, 62, 64, 41, 39, 86, 98, 125, 110, 63, 77
81, 50, 108, 34, 123, 63, 108, 118, 99, 76, 103, 38, 74, 110, 89, 66
118, 57, 92, 66, 37, 76, 79, 53, 86, 116, 56, 55, 126, 85, 116, 67
105, 63, 117, 124, 49, 61, 106, 90, 98, 112, 52, 76, 74, 92, 92, 46
65, 74, 63, 57, 42, 80, 56, 44, 50, 84, 73, 70, 57, 103, 42, 84
113, 74, 91, 59, 125, 49, 53, 64, 121, 103, 102, 74, 85, 114, 105, 40
107, 42, 114, 110, 101, 34, 105, 38, 67, 107, 109, 83, 123, 35, 88, 71
44, 41, 116, 96, 93, 67, 93, 64, 36, 70, 89, 69, 62, 50, 116, 114
57, 43, 119, 57, 57, 111, 39, 102, 52, 97, 70, 38, 95, 72, 80, 40
88, 59, 92, 118, 116, 110, 84, 37, 119, 114, 51, 77, 33, 109, 44, 105
75, 104, 73, 119, 43, 36, 40, 118, 100, 126, 59, 107, 38, 53, 126, 124
67, 68, 120, 125, 93, 85, 43, 76, 110, 58, 62, 97, 63, 81, 79, 122
70, 107, 56, 80, 61, 57, 124, 110, 84, 62, 90, 111, 92, 86, 42, 86
79, 97, 104, 112, 124, 118, 65, 48, 76, 99, 45, 47, 62, 71, 71, 50
87, 43, 45, 48, 88, 89, 86, 83, 38, 97, 81, 46, 66, 105, 99, 33
120, 115, 93, 119, 40, 102, 101, 67, 81, 41, 48, 76, 55, 84, 120, 37
123, 62, 34, 100, 126, 70, 93, 97, 55, 116, 84, 50, 86, 82, 34, 79
80, 58, 104, 66, 101, 125, 97, 126, 94, 116, 118, 48, 123, 99, 68, 35
100, 54, 45, 49, 110, 58, 123, 40, 52, 75, 120, 97, 35, 122, 39, 116
50, 108, 83, 57, 66, 75, 59, 100, 47, 102, 100, 36, 114, 41, 38, 40
73, 41, 60, 88, 104, 110, 60, 113, 97, 57, 46, 106, 49, 35, 87, 112
104, 56, 39, 50, 118, 89, 100, 41, 79, 108, 57, 78, 34, 43, 34, 77
34, 64, 39, 40, 89, 108, 112, 101, 105, 44, 48, 102, 101, 124, 45, 59
95, 67, 52, 97, 72, 123, 63, 93, 125, 52, 66, 103, 113, 121, 105, 44
58, 44, 43, 52, 116, 52, 49, 86, 67, 76, 69, 44, 104, 80, 91, 64
55, 122, 84, 117, 68, 98, 75, 57, 106, 115, 59, 91, 98, 83, 108, 44
96, 103, 75, 86, 51, 67, 63, 110, 82, 47, 47, 82, 99, 90, 110, 69
50, 50, 34, 36, 57, 126, 36, 79, 92, 100, 33, 75, 119, 95, 98, 60
101, 109, 54, 75, 74, 83, 87, 48, 96, 70, 84, 80, 55, 54, 102, 81
81, 75, 66, 83, 55, 107, 63, 61, 53, 44, 74, 114, 106, 98, 79, 123
52, 108, 113, 44, 94, 42, 117, 97, 101, 92, 88, 98, 54, 50, 76, 70
88, 121, 73, 88, 42, 45, 126, 117, 99, 109, 101, 106, 106, 45, 110, 69
62, 34, 86, 40, 69, 58, 91, 48, 79, 69, 100, 42, 55, 68, 34, 86
82, 104, 93, 112, 46, 88, 70, 82, 116, 67, 47, 53, 126, 96, 56, 70
96, 93, 80, 67, 57, 43, 107, 85, 105, 69, 81, 105, 48, 88, 52, 109
34, 103, 86, 90, 95, 103, 90, 74, 74, 69, 122, 87, 98, 63, 99, 50
123, 82, 90, 33, 64, 116, 78, 117, 65, 67, 109, 47, 118, 79, 118, 74
123, 115, 64, 80, 109, 91, 69, 92, 34, 112, 113, 50, 100, 66, 61, 45
67, 48, 35, 52, 47, 120, 44, 42, 44, 114, 82, 59, 49, 63, 50, 89
61, 52, 104, 62, 69, 69, 107, 119, 47, 120, 116, 80, 72, 90, 72, 121
66, 81, 121, 106, 97, 54, 80, 73, 111, 38, 51, 123, 56, 81, 65, 36
39, 63, 102, 72, 67, 108, 125, 51, 58, 84, 79, 51, 79, 77, 104, 40
45, 40, 119, 115, 76, 89, 116, 48, 104, 111, 124, 92, 87, 69, 72, 80
40, 43, 120, 57, 113, 70, 69, 97, 109, 117, 101, 117, 66, 85, 117, 114
65, 74, 115, 55, 118, 105, 105, 115, 46, 80, 33, 123, 81, 76, 69, 117
40, 75, 99, 93, 82, 66, 44, 34, 74, 113, 99, 67, 74, 69, 79, 118
81, 68, 42, 38, 107, 39, 55, 119, 62, 59, 82, 60, 80, 87, 122, 104
60, 52, 79, 62, 62, 45, 117, 121, 121, 119, 80, 99, 55, 76, 77, 101
94, 75, 46, 82, 72, 62, 71, 39, 59, 88, 88, 49, 64, 57, 112, 115
115, 40, 117, 76, 51, 95, 96, 124, 110, 47, 77, 118, 105, 101, 91, 77
51, 45, 43, 75, 72, 74, 92, 114, 112, 76, 88, 76, 83, 47, 116, 100
118, 125, 104, 50, 79, 58, 112, 40, 66, 85, 92, 114, 47, 113, 119, 67
35, 40, 97, 60, 88, 58, 104, 62, 114, 80, 54, 48, 126, 80, 39, 78
63, 46, 76, 114, 85, 105, 61, 82, 58, 53, 115, 93, 108, 38, 35, 37
45, 47, 118, 56, 34, 82, 43, 121, 54, 118, 121, 77, 48, 36, 117, 103
78, 78, 107, 77, 79, 47, 47, 104, 73, 71, 63, 117, 123, 119, 60, 123
63, 48, 66, 123, 53, 59, 85, 54, 106, 95, 58, 57, 106, 101, 117, 76
115, 61, 66, 116, 76, 34, 76, 64, 42, 111, 64, 108, 109, 52, 103, 84
54, 50, 81, 88, 101, 124, 40, 110, 55, 54, 55, 47, 108, 102, 88, 86
70, 125, 77, 66, 90, 43, 62, 51, 67, 59, 109, 52, 37, 67, 103, 72
52, 81, 43, 90, 64, 103, 65, 61, 49, 71, 56, 34, 48, 82, 41, 81
52, 68, 84, 51, 108, 83, 57, 80, 123, 99, 97, 52, 106, 119, 120, 87
105, 58, 126, 88, 92, 100, 105, 55, 110, 76, 61, 120, 97, 82, 125, 99
97, 101, 96, 44, 52, 76, 55, 71, 35, 99, 59, 88, 78, 56, 114, 62
41, 63, 126, 62, 75, 120, 87, 90, 81, 62, 122, 84, 116, 101, 101, 51
83, 36, 64, 33, 65, 95, 126, 99, 62, 111, 111, 89, 49, 73, 61, 97
67, 40, 37, 65, 89, 84, 92, 66, 125, 51, 123, 123, 41, 56, 39, 65
81, 82, 105, 89, 41, 41, 62, 113, 96, 108, 106, 115, 37, 91, 119, 114
39, 69, 41, 107, 40, 44, 121, 123, 115, 93, 75, 38, 58, 36, 56, 82
96, 51, 114, 88, 50, 83, 80, 49, 85, 36, 64, 84, 72, 62, 46, 65
120, 97, 93, 38, 75, 82, 78, 126, 34, 97, 91, 80, 60, 115, 91, 40
94, 77, 109, 67, 58, 115, 107, 99, 80, 53, 99, 122, 46, 48, 58, 120
75, 67, 51, 114, 72, 90, 73, 85, 112, 116, 42, 43, 114, 121, 36, 71
102, 84, 96, 99, 51, 79, 70, 80, 101, 43, 104, 126, 122, 46, 118, 100
112, 65, 85, 48, 114, 105, 68, 92, 102, 103, 119, 113, 113, 105, 58, 86
53, 64, 34, 102, 125, 102, 54, 96, 108, 72, 100, 60, 75, 47, 87, 35
112, 94, 89, 116, 51, 44, 56, 89, 37, 67, 119, 124, 118, 37, 112, 104
114, 81, 116, 67, 126, 52, 35, 105, 33, 108, 78, 108, 35, 121, 57, 50
108, 125, 122, 65, 105, 80, 83, 49, 107, 123, 118, 65, 86, 91, 125, 33
84, 121, 48, 125, 93, 49, 35, 120, 114, 119, 121, 97, 103, 109, 55, 115
113, 119, 40, 56, 109, 76, 110, 42, 52, 81, 94, 112, 91, 69, 111, 40
107, 126, 100, 71, 86, 102, 83, 119, 119, 68, 112, 34, 56, 41, 122, 124
77, 79, 86, 112, 107, 38, 99, 81, 98, 80, 120, 91, 43, 42, 80, 87
121, 110, 49, 67, 64, 48, 107, 33, 106, 92, 112, 46, 76, 35, 55, 44
120, 61, 94, 36, 102, 78, 90, 47, 91, 89, 93, 94, 92, 63, 58, 37
61, 116, 48, 63, 109, 111, 85, 70, 95, 46, 99, 109, 110, 102, 104, 40
124, 116, 60, 101, 44, 94, 88, 34, 62, 46, 122, 92, 51, 64, 36, 35
36, 119, 97, 60, 107, 76, 61, 123, 113, 86, 45, 39, 46, 100, 78, 104
123, 82, 77, 118, 107, 72, 119, 103, 54, 60, 33, 71, 38, 112, 78, 92
52, 88, 94, 119, 96, 102, 89, 57, 110, 68, 51, 120, 119, 44, 107, 67
112, 95, 97, 43, 95, 45, 115, 35, 34, 53, 73, 79, 70, 52, 53, 126
47, 76, 104, 53, 35, 49, 81, 122, 99, 66, 86, 121, 93, 65, 52, 121
51, 71, 41, 43, 61, 34, 112, 37, 65, 65, 70, 67, 90, 72, 113, 80
40, 84, 81, 106, 54, 41, 47, 57, 39, 62, 126, 100, 84, 99, 82, 76
101, 70, 101, 84, 124, 61, 52, 86, 126, 33, 74, 105, 82, 99, 94, 63
70, 70, 91, 126, 124, 90, 98, 41, 99, 117, 116, 90, 114, 48, 67, 121
65, 77, 75, 77, 39, 110, 48, 110, 42, 85, 70, 91, 72, 121, 50, 77
113, 121, 55, 126, 47, 99, 93, 90, 90, 86, 110, 84, 33, 68, 71, 81
58, 60, 76, 74, 102, 85, 93, 126, 33, 120, 43, 72, 106, 45, 68, 76
59, 44, 43, 107, 52, 118, 36, 92, 98, 59, 81, 117, 70, 99, 62, 39
108, 88, 39, 81, 76, 88, 87, 99, 124, 43, 83, 59, 119, 78, 122, 93
65, 110, 111, 95, 84, 103, 104, 60, 56, 63, 90, 124, 66, 126, 76, 101
102, 120, 83, 35, 54, 41, 79, 107, 106, 36, 114, 66, 85, 126, 38, 55
60, 49, 63, 102, 86, 97, 90, 90, 54, 84, 41, 41, 94, 75, 51, 69
56, 80, 65, 48, 54, 42, 67, 75, 99, 52, 62, 103, 38, 39, 60, 122
68, 36, 72, 33, 67, 112, 115, 36, 117, 42, 121, 33, 76, 113, 47, 42
62, 110, 81, 38, 93, 107, 90, 100, 107, 65, 36, 94, 114, 108, 42, 122
33, 76, 59, 124, 52, 94, 65, 120, 71, 43, 106, 55, 60, 47, 41, 51
40, 65, 114, 106, 55, 43, 42, 99, 102, 57, 77, 96, 36, 107, 73, 116
78, 44, 54, 50, 61, 116, 44, 111, 120, 53, 111, 65, 51, 97, 43, 86
88, 98, 122, 38, 60, 100, 107, 45, 65, 50, 91, 108, 43, 76, 74, 62
123, 80, 50, 43, 81, 114, 58, 50, 77, 123, 89, 113, 75, 42, 87, 99
52, 47, 103, 87, 96, 44, 35, 106, 70, 93, 113, 37, 94, 35, 79, 71
97, 90, 74, 96, 35, 122, 59, 77, 96, 125, 109, 63, 113, 72, 73, 109
95, 76, 97, 90, 123, 108, 57, 76, 101, 56, 44, 71, 53, 40, 46, 60
53, 98, 109, 125, 70, 53, 35, 64, 96, 68, 93, 48, 76, 108, 115, 62
95, 58, 114, 107, 86, 109, 108, 50, 79, 98, 94, 77, 121, 101, 48, 37
105, 120, 44, 75, 88, 86, 114, 40, 98, 75, 100, 38, 102, 124, 39, 33
91, 69, 92, 64, 87, 69, 100, 78, 75, 80, 86, 86, 80, 72, 52, 101
65, 40, 80, 35, 53, 70, 121, 116, 52, 39, 85, 63, 88, 115, 86, 76
104, 57, 54, 70, 71, 72, 41, 74, 69, 126, 111, 107, 89, 62, 73, 68
64, 101, 78, 73, 103, 85, 111, 124, 73, 35, 61, 37, 63, 104, 114, 46
91, 103, 74, 104, 51, 110, 86, 74, 101, 67, 115, 119, 97, 46, 119, 122
43, 90, 73, 117, 98, 44, 91, 53, 112, 35, 71, 82, 33, 102, 68, 49
92, 110, 39, 49, 111, 119, 65, 58, 125, 114, 39, 74, 119, 97, 93, 35
119, 78, 72, 94, 79, 47, 56, 90, 119, 82, 58, 95, 77, 37, 104, 46
37, 125, 42, 77, 112, 109, 49, 34, 98, 47, 57, 60, 50, 116, 61, 97
33, 116, 90, 81, 62, 86, 66, 60, 70, 83, 51, 89, 50, 91, 96, 56
39, 47, 46, 112, 74, 66, 105, 51, 40, 45, 57, 66, 97, 66, 52, 64
44, 98, 64, 62, 64, 64, 49, 112, 117, 86, 80, 83, 52, 48, 117, 109
125, 85, 46, 35, 102, 87, 83, 51, 52, 112, 121, 112, 114, 120, 105, 110
119, 94, 88, 121, 78, 64, 91, 62, 101, 68, 93, 103, 123, 89, 49, 44
61, 67, 34, 49, 99, 97, 107, 78, 106, 65, 35, 66, 85, 73, 81, 125
39, 95, 97, 42, 94, 53, 73, 50, 110, 84, 33, 37, 109, 59, 114, 46
110, 58, 51, 91, 79, 98, 79, 56, 100, 122, 105, 64, 86, 42, 106, 60
105, 111, 95, 104, 72, 121, 62, 44, 42, 126, 50, 124, 72, 46, 87, 126
87, 113, 101, 105, 95, 63, 75, 68, 40, 44, 77, 58, 106, 123, 67, 89
80, 90, 107, 114, 107, 63, 123, 44, 69, 40, 108, 90, 92, 52, 108, 62
100, 34, 55, 85, 41, 74, 46, 80, 120, 44, 54, 53, 77, 43, 46, 60
33, 38, 42, 57, 82, 106, 81, 126, 93, 72, 109, 70, 58, 74, 71, 41
113, 108, 92, 41, 103, 57, 123, 89, 87, 112, 82, 49, 98, 60, 48, 113
89, 35, 73, 125, 50, 42, 88, 74, 118, 42, 113, 114, 43, 68, 49, 98
114, 43, 109, 101, 122, 68, 94, 96, 46, 107, 69, 99, 43, 95, 86, 117
99, 71, 86, 48, 71, 83, 84, 113, 120, 99, 97, 119, 74, 104, 124, 94
37, 35, 50, 85, 107, 119, 63, 118, 43, 69, 113, 82, 104, 102, 77, 89
104, 38, 71, 124, 122, 117, 119, 121, 80, 51, 100, 33, 90, 68, 115, 117
36, 120, 52, 48, 86, 37, 39, 40, 91, 65, 119, 112, 45, 43, 62, 68
59, 57, 89, 39, 85, 36, 48, 102, 112, 40, 68, 38, 78, 103, 63, 110
36, 51, 63, 113, 54, 109, 105, 41, 114, 113, 124, 107, 120, 55, 44, 42
54, 89, 106, 33, 86, 79, 109, 50, 51, 42, 92, 51, 60, 121, 124, 84
85, 72, 39, 117, 53, 77, 72, 72, 79, 52, 87, 42, 39, 48, 112, 77
80, 72, 110, 112, 92, 124, 91, 121, 48, 119, 84, 105, 113, 94, 110, 99
99, 77, 92, 94, 83, 109, 40, 61, 91, 116, 80, 121, 87, 56, 93, 102
96, 66, 49, 123, 116, 68, 53, 101, 74, 67, 81, 89, 87, 103, 117, 118
107, 120, 75, 115, 43, 94, 90, 59, 104, 82, 75, 121, 112, 63, 101, 93
94, 106, 43, 53, 113, 104, 76, 70, 121, 54, 80, 75, 117, 49, 96, 44
112, 40, 47, 54, 125, 98, 91, 65, 46, 100, 113, 98, 97, 105, 78, 124
93, 118, 73, 80, 103, 70, 86, 125, 54, 99, 98, 89, 64, 56, 109, 96
65, 37, 90, 74, 49, 96, 118, 48, 119, 73, 60, 58, 41, 103, 105, 102
49, 34, 120, 105, 108, 94, 73, 70, 79, 65, 126, 115, 34, 119, 39, 112
39, 126, 86, 44, 64, 52, 69, 95, 75, 54, 112, 109, 33, 69, 120, 123
111, 67, 76, 85, 121, 91, 115, 62, 106, 59, 97, 52, 72, 104, 95, 84
80, 82, 63, 52, 54, 102, 76, 81, 105, 46, 83, 124, 108, 52, 71, 47
51, 58, 76, 40, 46, 99, 84, 69, 107, 39, 52, 62, 78, 79, 106, 111
74, 46, 114, 126, 57, 54, 67, 54, 63, 64, 77, 124, 100, 116, 77, 98
61, 80, 68, 102, 83, 92, 38, 110, 122, 43, 81, 119, 111, 89, 53, 35
37, 116, 40, 51, 109, 33, 33, 102, 104, 44, 58, 120, 112, 92, 94, 39
97, 78, 70, 86, 80, 65, 42, 81, 109, 49, 45, 74, 35, 69, 69, 46
33, 33, 66, 124, 60, 120, 66, 56, 72, 53, 56, 33, 70, 41, 89, 94
119, 90, 65, 53, 40, 124, 89, 40, 38, 69, 60, 77, 110, 64, 50, 122
94, 45, 104, 126, 84, 42, 45, 106, 99, 122, 124, 108, 97, 81, 47, 126
96, 91, 83, 102, 80, 49, 50, 104, 75, 44, 100, 91, 51, 113, 72, 97
64, 107, 95, 67, 105, 68, 104, 85, 123, 123, 61, 115, 36, 73, 38, 96
75, 101, 56, 99, 89, 117, 113, 123, 125, 70, 77, 112, 34, 75, 58, 39
38, 43, 95, 73, 59, 45, 63, 80, 54, 116, 106, 53, 116, 109, 60, 75
110, 125, 86, 121, 83, 108, 118, 33, 77, 71, 69, 121, 101, 93, 111, 60
107, 75, 60, 115, 50, 93, 37, 123, 86, 117, 70, 38, 67, 33, 111, 73
43, 97, 38, 78, 80, 41, 93, 110, 90, 71, 69, 88, 55, 35, 49, 45
86, 104, 47, 52, 83, 74, 108, 93, 120, 102, 51, 100, 44, 109, 108, 121
73, 123, 77, 71, 56, 126, 73, 102, 58, 124, 124, 97, 109, 117, 40, 105
95, 65, 96, 62, 45, 75, 116, 122, 35, 67, 106, 94, 46, 94, 63, 44
42, 46, 102, 71, 42, 84, 124, 68, 42, 88, 124, 44, 52, 113, 126, 87
126, 104, 109, 59, 117, 61, 42, 126, 75, 77, 54, 90, 69, 83, 68, 84
90, 69, 126, 115, 82, 39, 79, 79, 79, 67, 64, 34, 85, 34, 39, 126
103, 43, 120, 98, 41, 111, 40, 48, 88, 82, 43, 58, 42, 90, 92, 69
112, 50, 74, 122, 72, 76, 98, 48, 102, 61, 35, 104, 35, 85, 80, 46
34, 81, 96, 61, 100, 91, 96, 65, 114, 116, 58, 110, 106, 87, 74, 52
36, 84, 47, 124, 37, 102, 110, 112, 62, 99, 126, 112, 106, 90, 113, 59
57, 66, 47, 42, 91, 35, 93, 55, 107, 84, 70, 79, 113, 115, 107, 42
126, 67, 73, 70, 122, 36, 125, 80, 118, 107, 126, 71, 55, 123, 37, 74
126, 53, 71, 115, 38, 35, 113, 118, 52, 57, 35, 120, 96, 83, 56, 44
42, 62, 66, 40, 82, 64, 107, 115, 63, 80, 102, 81, 88, 96, 63, 119
107, 124, 55, 97, 76, 71, 110, 38, 42, 104, 118, 38, 80, 89, 69, 68
123, 117, 98, 53, 121, 67, 97, 124, 80, 126, 116, 108, 116, 92, 110, 78
88, 59, 87, 75, 85, 33, 81, 104, 40, 47, 85, 47, 94, 80, 44, 105
33, 91, 91, 34, 36, 122, 105, 36, 103, 77, 107, 58, 40, 87, 59, 47
95, 126, 91, 65, 75, 92, 40, 91, 48, 116, 106, 87, 51, 78, 51, 126
77, 96, 48, 41, 88, 109, 60, 65, 90, 82, 114, 108, 123, 105, 76, 122
58, 62, 34, 69, 117, 58, 79, 64, 50, 61, 41, 96, 54, 35, 120, 55
111, 109, 95, 74, 113, 43, 76, 37, 52, 121, 60, 34, 40, 83, 126, 125
46, 112, 126, 36, 74, 51, 71, 123, 104, 43, 121, 95, 114, 121, 117, 116
106, 119, 109, 76, 54, 42, 59, 119, 123, 92, 94, 120, 44, 43, 53, 107
47, 47, 34, 93, 53, 108, 64, 76, 47, 125, 121, 86, 82, 113, 84, 33
118, 90, 85, 121, 50, 37, 125, 99, 91, 87, 121, 110, 80, 65, 113, 39
49, 120, 82, 77, 52, 42, 60, 84, 84, 65, 97, 104, 69, 114, 107, 79
106, 37, 73, 108, 66, 92, 112, 116, 98, 101, 69, 91, 105, 106, 38, 101
105, 54, 103, 82, 71, 107, 106, 113, 87, 39, 76, 82, 77, 71, 101, 67
91, 77, 49, 122, 110, 75, 56, 72, 86, 104, 65, 76, 122, 123, 79, 68
109, 111, 63, 77, 59, 83, 82, 64, 52, 70, 43, 89, 93, 104, 79, 88
76, 86, 42, 87, 83, 99, 68, 88, 102, 59, 70, 83, 80, 35, 66, 66
113, 80, 102, 125, 82, 120, 54, 81, 116, 85, 43, 94, 115, 54, 90, 42
119, 72, 44, 102, 43, 96, 65, 110, 75, 101, 35, 68, 109, 81, 115, 87
112, 66, 45, 104, 93, 106, 36, 85, 50, 114, 36, 40, 36, 56, 126, 51
38, 50, 43, 104, 94, 118, 43, 121, 57, 117, 125, 101, 55, 113, 76, 111
36, 109, 45, 89, 120, 54, 125, 126, 102, 97, 99, 59, 88, 119, 33, 114
56, 63, 113, 79, 105, 95, 85, 42, 101, 47, 108, 50, 42, 124, 73, 98
43, 74, 69, 105, 51, 122, 117, 45, 37, 56, 64, 38, 75, 93, 35, 114
93, 73, 53, 37, 125, 49, 33, 118, 69, 42, 116, 44, 40, 78, 121, 62
47, 75, 45, 115, 90, 69, 93, 125, 44, 43, 33, 109, 47, 80, 111, 50
124, 95, 116, 115, 46, 37, 33, 50, 117, 44, 59, 71, 79, 78, 124, 69
85, 83, 110, 111, 111, 47, 87, 120, 112, 73, 50, 95, 120, 120, 94, 49
61, 81, 118, 78, 73, 122, 100, 67, 35, 36, 75, 124, 95, 65, 58, 120
41, 64, 53, 126, 124, 79, 59, 45, 90, 88, 62, 42, 120, 74, 71, 90
104, 122, 71, 105, 75, 100, 86, 119, 82, 65, 53, 111, 38, 36, 34, 46
48, 71, 46, 48, 101, 114, 119, 48, 83, 47, 84, 89, 78, 66, 60, 47
60, 88, 46, 84, 84, 80, 45, 102, 66, 103, 111, 50, 96, 43, 43, 66
80, 98, 109, 58, 76, 96, 76, 36, 61, 43, 63, 43, 61, 89, 45, 94
62, 93, 97, 42, 87, 56, 124, 34, 110, 93, 118, 84, 55, 115, 125, 60
59, 123, 122, 81, 53, 53, 89, 48, 65, 79, 70, 74, 88, 67, 54, 119
63, 64, 63, 91, 50, 117, 123, 75, 92, 66, 72, 82, 76, 110, 72, 33
86, 49, 48, 42, 122, 46, 41, 60, 103, 93, 100, 111, 119, 74, 71, 97
109, 108, 70, 87, 124, 84, 103, 105, 72, 73, 108, 118, 92, 77, 76, 43
60, 101, 97, 105, 97, 44, 48, 50, 57, 125, 59, 69, 112, 101, 64, 53
42, 81, 74, 67, 55, 92, 84, 76, 36, 72, 70, 84, 77, 70, 62, 65
112, 106, 86, 107, 57, 81, 102, 88, 61, 77, 111, 108, 81, 49, 37, 105
73, 43, 35, 36, 71, 123, 38, 102, 97, 37, 50, 120, 63, 82, 101, 47
78, 112, 59, 47, 77, 87, 79, 81, 70, 123, 71, 52, 52, 49, 65, 118
112, 105, 94, 112, 67, 58, 35, 118, 86, 107, 110, 37, 51, 72, 107, 67
107, 43, 99, 115, 36, 51, 61, 118, 115, 93, 99, 55, 100, 72, 108, 37
102, 42, 48, 120, 37, 120, 64, 72, 109, 71, 40, 113, 107, 56, 102, 116
101, 89, 42, 115, 66, 60, 119, 36, 112, 121, 66, 55, 83, 110, 117, 101
113, 37, 120, 73, 45, 113, 100, 91, 115, 124, 51, 89, 65, 103, 112, 90
126, 48, 60, 42, 110, 39, 61, 59, 75, 91, 123, 113, 85, 89, 123, 63
96, 47, 63, 106, 88, 66, 61, 118, 122, 67, 64, 60, 108, 59, 70, 118
67, 110, 71, 121, 126, 100, 56, 84, 100, 61, 66, 83, 46, 121, 110, 84
93, 72, 95, 69, 47, 116, 80, 111, 60, 57, 116, 54, 109, 46, 116, 77
121, 92, 48, 41, 38, 38, 98, 64, 33, 110, 122, 69, 63, 65, 39, 62
105, 62, 48, 83, 116, 84, 91, 54, 54, 52, 126, 84, 71, 38, 73, 115
125, 59, 120, 46, 102, 123, 69, 85, 102, 116, 33, 61, 59, 39, 120, 125
76, 114, 84, 111, 102, 108, 76, 61, 66, 56, 99, 40, 66, 43, 102, 35
51, 93, 60, 88, 46, 52, 88, 75, 123, 113, 51, 93, 56, 102, 115, 80
52, 110, 93, 79, 95, 47, 53, 111, 124, 94, 67, 37, 46, 54, 85, 56
67, 121, 121, 77, 89, 105, 106, 57, 119, 84, 95, 101, 68, 79, 72, 117
35, 125, 62, 57, 71, 55, 50, 88, 95, 84, 67, 33, 91, 45, 116, 106
72, 58, 46, 90, 107, 103, 67, 49, 42, 73, 93, 48, 118, 48, 50, 120
84, 84, 69, 81, 75, 120, 45, 105, 39, 122, 70, 94, 41, 92, 91, 98
43, 69, 116, 100, 78, 54, 112, 61, 73, 101, 102, 103, 47, 81, 76, 118
46, 103, 91, 111, 33, 117, 48, 38, 76, 50, 62, 85, 57, 39, 96, 97
56, 73, 91, 109, 90, 53, 105, 106, 47, 115, 99, 47, 48, 62, 111, 120
112, 115, 72, 88, 81, 105, 62, 97, 75, 99, 41, 69, 110, 113, 50, 43
94, 38, 38, 33, 109, 82, 33, 61, 101, 98, 47, 64, 87, 35, 89, 123
63, 66, 117, 79, 80, 63, 98, 76, 41, 34, 116, 97, 84, 99, 76, 62
116, 71, 78, 120, 88, 48, 42, 119, 35, 85, 124, 116, 101, 43, 84, 59
58, 76, 36, 105, 68, 101, 84, 118, 45, 92, 35, 110, 106, 47, 86, 45
123, 122, 74, 84, 56, 57, 90, 90, 105, 116, 95, 95, 36, 74, 120, 98
78, 80, 40, 57, 115, 98, 119, 89, 33, 88, 37, 117, 125, 36, 90, 46
83, 97, 93, 68, 96, 71, 41, 65, 100, 103, 53, 53, 55, 100, 73, 61
55, 119, 89, 83, 78, 55, 57, 105, 98, 84, 83, 74, 113, 40, 85, 51
48, 93, 114, 52, 117, 86, 83, 109, 119, 117, 86, 71, 88, 73, 86, 65
89, 39, 102, 34, 51, 55, 77, 68, 42, 45, 67, 97, 90, 62, 73, 66
117, 98, 71, 47, 99, 55, 110, 72, 113, 58, 43, 122, 67, 79, 64, 112
36, 44, 107, 110, 111, 70, 90, 107, 79, 105, 72, 52, 118, 56, 102, 60
94, 98, 70, 74, 81, 93, 56, 96, 65, 80, 109, 89, 106, 71, 45, 114
96, 45, 106, 75, 66, 70, 117, 106, 77, 88, 126, 38, 58, 99, 89, 122
118, 114, 47, 125, 66, 102, 64, 86, 98, 78, 118, 60, 80, 68, 117, 61
42, 126, 68, 53, 86, 35, 87, 88, 91, 34, 100, 113, 33, 115, 44, 114
35, 36, 100, 72, 108, 116, 59, 53, 66, 116, 54, 38, 73, 41, 79, 115
90, 124, 88, 57, 72, 39, 104, 82, 109, 100, 41, 61, 103, 98, 34, 78
86, 119, 37, 37, 65, 91, 52, 73, 76, 35, 104, 125, 64, 102, 114, 53
92, 47, 40, 107, 126, 122, 108, 80, 118, 84, 66, 79, 35, 35, 82, 107
54, 47, 117, 88, 77, 64, 60, 90, 106, 46, 93, 95, 118, 84, 38, 75
59, 42, 101, 60, 75, 59, 67, 115, 54, 65, 57, 38, 69, 81, 115, 59
80, 76, 100, 46, 108, 116, 53, 69, 59, 43, 53, 63, 98, 67, 50, 75
48, 71, 117, 124, 88, 49, 49, 44, 46, 105, 57, 108, 91, 46, 52, 116
124, 90, 46, 69, 111, 96, 33, 65, 76, 105, 68, 45, 40, 57, 86, 90
39, 111, 53, 116, 40, 38, 119, 117, 96, 116, 120, 49, 121, 37, 123, 97
120, 44, 111, 88, 62, 80, 33, 92, 112, 48, 92, 94, 123, 51, 69, 123
67, 45, 78, 67, 46, 85, 125, 57, 42, 44, 111, 115, 125, 93, 48, 70
77, 34, 118, 70, 62, 40, 53, 39, 38, 42, 70, 72, 49, 118, 45, 103
92, 90, 59, 34, 68, 83, 107, 111, 54, 75, 123, 46, 95, 53, 124, 51
126, 106, 38, 87, 41, 58, 98, 121, 87, 103, 68, 57, 48, 121, 41, 115
69, 119, 116, 98, 52, 67, 44, 55, 66, 115, 94, 51, 66, 108, 107, 45
92, 63, 88, 113, 126, 124, 113, 57, 77, 71, 59, 94, 117, 34, 115, 38
41, 97, 105, 81, 50, 66, 56, 91, 126, 122, 98, 82, 107, 104, 117, 59
126, 116, 45, 46, 91, 126, 118, 101, 60, 49, 106, 122, 84, 76, 91, 104
71, 72, 38, 101, 58, 58, 83, 85, 120, 43, 65, 56, 117, 115, 99, 68
99, 96, 73, 80, 50, 54, 38, 44, 41, 80, 63, 68, 71, 120, 52, 114
35, 105, 48, 85, 124, 47, 77, 75, 62, 110, 48, 122, 70, 89, 93, 102
46, 82, 66, 94, 39, 86, 66, 88, 57, 37, 57, 87, 70, 125, 50, 84
81, 61, 122, 51, 99, 92, 41, 53, 109, 68, 102, 124, 89, 107, 42, 104
39, 109, 37, 83, 71, 55, 123, 42, 123, 40, 125, 106, 64, 47, 123, 51
93, 71, 52, 37, 98, 91, 58, 51, 52, 68, 74, 101, 42, 89, 76, 78
104, 59, 53, 63, 44, 104, 97, 85, 77, 48, 91, 74, 80, 57, 99, 77
79, 72, 98, 74, 86, 109, 65, 50, 70, 57, 43, 111, 100, 98, 72, 107
59, 111, 65, 70, 73, 62, 80, 44, 36, 94, 124, 125, 61, 92, 57, 44
61, 42, 91, 37, 120, 58, 42, 82, 108, 71, 80, 80, 76, 70, 51, 110
61, 52, 82, 97, 45, 86, 89, 38, 100, 46, 94, 97, 46, 62, 103, 83
53, 122, 51, 95, 34, 76, 35, 113, 67, 85, 126, 56, 98, 85, 41, 35
101, 61, 34, 122, 38, 63, 100, 123, 94, 60, 76, 43, 80, 37, 122, 91
63, 46, 51, 56, 119, 51, 125, 103, 70, 95, 41, 36, 121, 94, 72, 65
73, 73, 83, 74, 78, 114, 48, 122, 116, 122, 93, 104, 103, 102, 70, 126
90, 106, 72, 117, 104, 52, 42, 62, 71, 64, 64, 67, 52, 61, 73, 61
88, 125, 41, 44, 87, 97, 36, 96, 33, 109, 54, 123, 79, 106, 34, 70
102, 94, 75, 74, 96, 126, 93, 57, 34, 78, 71, 50, 34, 45, 75, 43
115, 89, 45, 116, 34, 57, 120, 123, 80, 85, 115, 44, 55, 62, 100, 101
41, 36, 118, 77, 124, 97, 115, 126, 60, 86, 47, 82, 123, 92, 116, 98
77, 96, 97, 99, 89, 124, 125, 105, 83, 113, 95, 87, 46, 36, 60, 52
48, 97, 52, 42, 41, 53, 104, 109, 104, 73, 48, 36, 85, 92, 38, 122
72, 106, 46, 72, 106, 82, 66, 42, 81, 114, 36, 79, 89, 82, 67, 34
52, 59, 49, 36, 79, 123, 93, 91, 103, 49, 51, 73, 83, 58, 51, 50
86, 106, 81, 93, 113, 36, 87, 115, 109, 60, 86, 92, 93, 48, 91, 120
76, 93, 34, 99, 92, 77, 89, 109, 66, 65, 109, 33, 46, 34, 88, 70
41, 41, 101, 101, 89, 90, 71, 84, 103, 78, 60, 47, 101, 79, 105, 35
115, 79, 76, 55, 45, 57, 71, 41, 125, 41, 36, 74, 62, 108, 50, 119
49, 55, 119, 85, 35, 100, 57, 115, 65, 83, 49, 113, 87, 51, 55, 73
119, 87, 115, 94, 104, 64, 85, 46, 124, 44, 56, 33, 88, 51, 85, 125
36, 98, 90, 71, 38, 54, 110, 96, 82, 103, 79, 94, 91, 104, 39, 48
121, 82, 63, 87, 61, 90, 37, 50, 78, 82, 38, 38, 60, 58, 105, 103
94, 57, 75, 82, 56, 42, 89, 45, 117, 51, 123, 44, 90, 85, 105, 84
115, 47, 121, 86, 108, 55, 83, 126, 46, 68, 119, 84, 119, 93, 83, 54
101, 119, 107, 57, 59, 52, 107, 66, 126, 69, 83, 59, 115, 82, 39, 90
34, 51, 47, 77, 34, 76, 77, 84, 72, 89, 35, 33, 86, 57, 86, 86
40, 50, 107, 79, 99, 112, 112, 89, 109, 43, 52, 51, 74, 104, 44, 61
51, 115, 88, 40, 120, 72, 64, 48, 58, 38, 44, 123, 63, 64, 41, 95
63, 102, 73, 114, 94, 121, 118, 101, 47, 88, 38, 58, 47, 92, 111, 43
60, 70, 99, 119, 52, 79, 42, 87, 113, 108, 83, 83, 107, 67, 59, 66
98, 124, 122, 101, 36, 107, 119, 46, 63, 86, 60, 91, 110, 57, 72, 97
41, 105, 80, 37, 89, 81, 77, 69, 112, 110, 112, 104, 70, 85, 105, 90
65, 93, 102, 103, 113, 62, 106, 68, 103, 67, 76, 69, 97, 92, 110, 73
72, 65, 66, 37, 38, 56, 106, 69, 70, 87, 79, 96, 81, 112, 73, 42
106, 72, 103, 50, 90, 43, 108, 41, 89, 54, 64, 60, 106, 121, 126, 34
116, 79, 55, 72, 36, 85, 97, 65, 90, 74, 125, 88, 99, 115, 35, 108
56, 75, 92, 80, 96, 104, 97, 106, 96, 66, 117, 113, 84, 91, 43, 82
103, 119, 71, 41, 83, 55, 34, 80, 68, 50, 72, 92, 101, 46, 59, 97
56, 38, 48, 120, 77, 81, 70, 91, 53, 67, 104, 76, 114, 70, 87, 119
106, 64, 90, 104, 116, 106, 61, 111, 33, 61, 117, 47, 92, 68, 95, 92
107, 95, 67, 95, 82, 83, 113, 114, 77, 66, 92, 99, 116, 92, 59, 107
34, 99, 125, 35, 42, 40, 121, 65, 51, 50, 56, 89, 73, 111, 83, 93
104, 103, 60, 117, 39, 93, 108, 106, 35, 67, 109, 47, 87, 34, 80, 93
110, 53, 47, 94, 61, 52, 44, 50, 58, 94, 104, 119, 80, 37, 121, 106
37, 42, 55, 112, 46, 61, 46, 45, 37, 88, 98, 103, 82, 58, 33, 83
85, 34, 108, 99, 75, 65, 121, 87, 123, 83, 45, 48, 75, 72, 93, 78
89, 79, 121, 69, 93, 39, 104, 58, 92, 85, 82, 95, 116, 84, 65, 113
50, 49, 85, 126, 83, 116, 93, 65, 121, 59, 41, 85, 43, 81, 89, 88
62, 123, 34, 66, 57, 70, 125, 117, 68, 87, 92, 121, 35, 44, 68, 75
47, 98, 62, 67, 82, 105, 46, 37, 63, 61, 38, 38, 95, 112, 66, 72
60, 90, 102, 53, 74, 36, 56, 41, 63, 113, 83, 70, 45, 61, 51, 108
43, 49, 91, 91, 60, 63, 58, 49, 78, 102, 126, 68, 126, 123, 69, 44
36, 63, 34, 104, 104, 73, 114, 49, 111, 121, 121, 34, 40, 38, 100, 46
124, 67, 116, 113, 38, 56, 126, 95, 124, 38, 66, 74, 63, 71, 102, 60
74, 99, 86, 111, 68, 108, 84, 115, 105, 72, 47, 63, 115, 123, 68, 96
66, 38, 82, 105, 63, 102, 49, 65, 100, 69, 38, 50, 34, 36, 34, 121
41, 68, 104, 121, 53, 102, 39, 57, 77, 42, 37, 33, 64, 110, 68, 51
107, 60, 122, 52, 34, 38, 89, 102, 88, 97, 44, 107, 118, 123, 60, 44
53, 117, 40, 58, 45, 50, 57, 110, 104, 70, 58, 106, 82, 46, 88, 46
52, 120, 120, 110, 62, 105, 37, 52, 39, 114, 112, 50, 42, 73, 62, 116
105, 43, 105, 54, 69, 33, 69, 118, 53, 34, 81, 79, 81, 36, 110, 76
43, 43, 56, 121, 116, 65, 82, 34, 87, 57, 91, 112, 107, 126, 71, 41
54, 67, 47, 77, 79, 67, 113, 69, 60, 50, 48, 119, 54, 119, 45, 39
74, 94, 45, 111, 78, 97, 119, 125, 67, 54, 56, 86, 107, 97, 100, 35
40, 106, 118, 83, 47, 75, 61, 40, 60, 117, 122, 121, 77, 115, 100, 55
63, 64, 123, 121, 66, 87, 51, 47, 43, 96, 126, 105, 72, 76, 101, 63
70, 118, 116, 84, 39, 37, 123, 36, 77, 49, 58, 120, 68, 90, 120, 88
117, 117, 74, 69, 60, 120, 34, 106, 122, 116, 82, 67, 117, 56, 109, 38
66, 45, 34, 81, 48, 57, 86, 62, 87, 93, 81, 89, 77, 46, 101, 92
70, 75, 110, 53, 73, 93, 57, 114, 67, 111, 74, 92, 109, 68, 44, 73
78, 96, 54, 110, 105, 125, 49, 71, 86, 106, 89, 117, 94, 118, 112, 110
118, 94, 75, 106, 52, 60, 73, 55, 83, 38, 77, 111, 63, 112, 124, 62
63, 57, 108, 118, 96, 72, 53, 116, 106, 109, 122, 48, 121, 97, 73, 50
47, 66, 96, 43, 61, 87, 116, 40, 51, 47, 44, 38, 90, 52, 51, 102
123, 119, 67, 48, 116, 111, 120, 81, 39, 56, 66, 49, 89, 48, 113, 68
104, 123, 55, 103, 73, 97, 103, 97, 100, 57, 52, 54, 112, 51, 80, 97
70, 125, 52, 73, 45, 121, 40, 124, 109, 38, 107, 52, 96, 59, 83, 126
48, 102, 52, 34, 99, 34, 99, 117, 61, 50, 78, 72, 86, 72, 56, 69
117, 106, 61, 87, 95, 87, 43, 69, 92, 38, 88, 57, 50, 64, 77, 37
